{
  "cenario1": {
    "rc": 0,
    "stdout": "{\n  \"n\": 12,\n  \"central_vertex_0idx\": 8,\n  \"central_vertex_1idx\": 9,\n  \"sum_distances\": 219.0,\n  \"distances_from_central\": [\n    39.0,\n    22.0,\n    37.0,\n    16.0,\n    19.0,\n    7.0,\n    17.0,\n    10.0,\n    0.0,\n    12.0,\n    15.0,\n    25.0\n  ],\n  \"farthest_vertex_0idx\": 0,\n  \"farthest_vertex_1idx\": 1,\n  \"farthest_distance\": 39.0,\n  \"distance_matrix\": [\n    [\n      0.0,\n      17.0,\n      25.0,\n      27.0,\n      21.0,\n      32.0,\n      40.0,\n      40.0,\n      39.0,\n      51.0,\n      52.0,\n      62.0\n    ],\n    [\n      17.0,\n      0.0,\n      42.0,\n      10.0,\n      27.0,\n      15.0,\n      39.0,\n      23.0,\n      22.0,\n      34.0,\n      37.0,\n      47.0\n    ],\n    [\n      25.0,\n      42.0,\n      0.0,\n      52.0,\n      39.0,\n      44.0,\n      20.0,\n      47.0,\n      37.0,\n      46.0,\n      32.0,\n      42.0\n    ],\n    [\n      27.0,\n      10.0,\n      52.0,\n      0.0,\n      21.0,\n      9.0,\n      33.0,\n      17.0,\n      16.0,\n      28.0,\n      31.0,\n      41.0\n    ],\n    [\n      21.0,\n      27.0,\n      39.0,\n      21.0,\n      0.0,\n      12.0,\n      19.0,\n      20.0,\n      19.0,\n      31.0,\n      31.0,\n      41.0\n    ],\n    [\n      32.0,\n      15.0,\n      44.0,\n      9.0,\n      12.0,\n      0.0,\n      24.0,\n      8.0,\n      7.0,\n      19.0,\n      22.0,\n      32.0\n    ],\n    [\n      40.0,\n      39.0,\n      20.0,\n      33.0,\n      19.0,\n      24.0,\n      0.0,\n      27.0,\n      17.0,\n      26.0,\n      12.0,\n      22.0\n    ],\n    [\n      40.0,\n      23.0,\n      47.0,\n      17.0,\n      20.0,\n      8.0,\n      27.0,\n      0.0,\n      10.0,\n      13.0,\n      25.0,\n      34.0\n    ],\n    [\n      39.0,\n      22.0,\n      37.0,\n      16.0,\n      19.0,\n      7.0,\n      17.0,\n      10.0,\n      0.0,\n      12.0,\n      15.0,\n      25.0\n    ],\n    [\n      51.0,\n      34.0,\n      46.0,\n      28.0,\n      31.0,\n      19.0,\n      26.0,\n      13.0,\n      12.0,\n      0.0,\n      14.0,\n      21.0\n    ],\n    [\n      52.0,\n      37.0,\n      32.0,\n      31.0,\n      31.0,\n      22.0,\n      12.0,\n      25.0,\n      15.0,\n      14.0,\n      0.0,\n      10.0\n    ],\n    [\n      62.0,\n      47.0,\n      42.0,\n      41.0,\n      41.0,\n      32.0,\n      22.0,\n      34.0,\n      25.0,\n      21.0,\n      10.0,\n      0.0\n    ]\n  ]\n}\n",
    "stderr": ""
  },
  "cenario2": {
    "rc": 0,
    "stdout": "{\n  \"has_negative_cycle_reaching_dst\": false,\n  \"distances\": [\n    0.0,\n    25.0,\n    12.0,\n    -8.0,\n    1.0,\n    3.0,\n    8.0\n  ],\n  \"parent\": [\n    -1,\n    0,\n    0,\n    0,\n    3,\n    3,\n    5\n  ],\n  \"path\": [\n    0,\n    3,\n    5,\n    6\n  ],\n  \"cost\": 8.0\n}\n",
    "stderr": ""
  },
  "cenario3": {
    "rc": 0,
    "stdout": "{\n  \"rows\": 10,\n  \"cols\": 15,\n  \"grid\": [\n    \"~~~~~~~~.......\",\n    \"~~####~~~~~~...\",\n    \"~~#..#.~~~~....\",\n    \"S.#..#..G......\",\n    \"..#..####~~....\",\n    \"..#.........~~.\",\n    \"..######..~~...\",\n    \"......#.~~##...\",\n    \"..##..#..###...\",\n    \"...............\"\n  ],\n  \"S\": [\n    3,\n    0\n  ],\n  \"G\": [\n    3,\n    8\n  ],\n  \"dist\": [\n    [\n      9.0,\n      10.0,\n      13.0,\n      16.0,\n      19.0,\n      22.0,\n      25.0,\n      28.0,\n      Infinity,\n      Infinity,\n      Infinity,\n      Infinity,\n      Infinity,\n      Infinity,\n      Infinity\n    ],\n    [\n      6.0,\n      7.0,\n      Infinity,\n      Infinity,\n      Infinity,\n      Infinity,\n      28.0,\n      Infinity,\n      Infinity,\n      Infinity,\n      Infinity,\n      29.0,\n      Infinity,\n      Infinity,\n      Infinity\n    ],\n    [\n      3.0,\n      4.0,\n      Infinity,\n      Infinity,\n      27.0,\n      Infinity,\n      Infinity,\n      Infinity,\n      Infinity,\n      28.0,\n      29.0,\n      26.0,\n      27.0,\n      Infinity,\n      Infinity\n    ],\n    [\n      0.0,\n      1.0,\n      Infinity,\n      27.0,\n      26.0,\n      Infinity,\n      Infinity,\n      Infinity,\n      26.0,\n      25.0,\n      26.0,\n      25.0,\n      26.0,\n      Infinity,\n      26.0\n    ],\n    [\n      1.0,\n      2.0,\n      Infinity,\n      26.0,\n      25.0,\n      Infinity,\n      Infinity,\n      Infinity,\n      Infinity,\n      24.0,\n      25.0,\n      24.0,\n      25.0,\n      26.0,\n      25.0\n    ],\n    [\n      2.0,\n      3.0,\n      Infinity,\n      25.0,\n      24.0,\n      23.0,\n      22.0,\n      21.0,\n      20.0,\n      21.0,\n      22.0,\n      23.0,\n      24.0,\n      25.0,\n      24.0\n    ],\n    [\n      3.0,\n      4.0,\n      Infinity,\n      Infinity,\n      Infinity,\n      Infinity,\n      Infinity,\n      Infinity,\n      19.0,\n      20.0,\n      23.0,\n      24.0,\n      21.0,\n      22.0,\n      23.0\n    ],\n    [\n      4.0,\n      5.0,\n      6.0,\n      7.0,\n      8.0,\n      9.0,\n      Infinity,\n      15.0,\n      18.0,\n      21.0,\n      Infinity,\n      Infinity,\n      20.0,\n      21.0,\n      22.0\n    ],\n    [\n      5.0,\n      6.0,\n      Infinity,\n      Infinity,\n      9.0,\n      10.0,\n      Infinity,\n      14.0,\n      15.0,\n      Infinity,\n      Infinity,\n      Infinity,\n      19.0,\n      20.0,\n      21.0\n    ],\n    [\n      6.0,\n      7.0,\n      8.0,\n      9.0,\n      10.0,\n      11.0,\n      12.0,\n      13.0,\n      14.0,\n      15.0,\n      16.0,\n      17.0,\n      18.0,\n      19.0,\n      20.0\n    ]\n  ],\n  \"path\": [\n    [\n      3,\n      0\n    ],\n    [\n      3,\n      1\n    ],\n    [\n      4,\n      1\n    ],\n    [\n      5,\n      1\n    ],\n    [\n      6,\n      1\n    ],\n    [\n      7,\n      1\n    ],\n    [\n      7,\n      2\n    ],\n    [\n      7,\n      3\n    ],\n    [\n      7,\n      4\n    ],\n    [\n      7,\n      5\n    ],\n    [\n      8,\n      5\n    ],\n    [\n      9,\n      5\n    ],\n    [\n      9,\n      6\n    ],\n    [\n      9,\n      7\n    ],\n    [\n      8,\n      7\n    ],\n    [\n      7,\n      7\n    ],\n    [\n      7,\n      8\n    ],\n    [\n      6,\n      8\n    ],\n    [\n      5,\n      8\n    ],\n    [\n      5,\n      9\n    ],\n    [\n      4,\n      9\n    ],\n    [\n      3,\n      9\n    ],\n    [\n      3,\n      8\n    ]\n  ],\n  \"cost\": 26.0,\n  \"overlay_path_ascii\": \"~~~~~~~~.......\\n~~####~~~~~~...\\n~~#..#.~~~~....\\nS*#..#..G*.....\\n.*#..####*~....\\n.*#.....**..~~.\\n.*######*.~~...\\n.*****#**~##...\\n..##.*#*.###...\\n.....***.......\"\n}\n",
    "stderr": ""
  }
}